Fe = -1/64*(M*((17714700*Sqrt[e^3 - e^5] + 329493420*Sqrt[e^5 - e^7] + 
           2494938348*Sqrt[e^7 - e^9] + 9780062796*Sqrt[e^9 - e^11] + 
           20110715964*Sqrt[e^11 - e^13] + 14541855804*Sqrt[e^13 - e^15] - 
           25904362788*Sqrt[e^15 - e^17] - 72308365956*Sqrt[e^17 - e^19] - 
           58001751324*Sqrt[e^19 - e^21] + 23061208932*Sqrt[e^21 - e^23] + 
           84445238532*Sqrt[e^23 - e^25] + 62329366052*Sqrt[e^25 - e^27] - 
           1817318892*Sqrt[e^27 - e^29] - 35149796716*Sqrt[e^29 - e^31] - 
           25452958860*Sqrt[e^31 - e^33] - 5590294060*Sqrt[e^33 - e^35] + 
           3114188736*Sqrt[e^35 - e^37] + 2852175136*Sqrt[e^37 - e^39] + 
           962269872*Sqrt[e^39 - e^41] + 168270928*Sqrt[e^41 - e^43] + 
           17472768*Sqrt[e^43 - e^45] + 60928*Sqrt[e^45 - e^47] - 
           172032*Sqrt[e^47 - e^49] - 12288*Sqrt[e^49 - e^51])*
          \[CapitalKappa][e, -1] - 3*(7381125*Sqrt[e^3 - e^5] + 
           21552885*Sqrt[e^5 - e^7] + 118419489*Sqrt[e^7 - e^9] + 
           273967677*Sqrt[e^9 - e^11] + 53757189*Sqrt[e^11 - e^13] - 
           974264031*Sqrt[e^13 - e^15] - 1614546027*Sqrt[e^15 - e^17] + 
           195687009*Sqrt[e^17 - e^19] + 3044483379*Sqrt[e^19 - e^21] + 
           2525804775*Sqrt[e^21 - e^23] - 1368814765*Sqrt[e^23 - e^25] - 
           3360329785*Sqrt[e^25 - e^27] - 1308231977*Sqrt[e^27 - e^29] + 
           1218033419*Sqrt[e^29 - e^31] + 1405965223*Sqrt[e^31 - e^33] + 
           325194923*Sqrt[e^33 - e^35] - 277110864*Sqrt[e^35 - e^37] - 
           230321864*Sqrt[e^37 - e^39] - 62107888*Sqrt[e^39 - e^41] + 
           2823088*Sqrt[e^41 - e^43] + 6472448*Sqrt[e^43 - e^45] + 
           1839616*Sqrt[e^45 - e^47] + 237568*Sqrt[e^47 - e^49] + 
           12288*Sqrt[e^49 - e^51])*\[CapitalKappa][e, 1])*
        (Fr1[-1][0, e] - Fr1[1][0, e]))/((1 - e)^(7/2)*(3 + e)^6*(3 + 2*e)^4*
        (5 + 29*e + 40*e^2 + 16*e^3)^2) - 
     (M*(2*(82373355*Sqrt[e^5 - e^7] + 623734587*Sqrt[e^7 - e^9] + 
          2445015699*Sqrt[e^9 - e^11] + 5027678991*Sqrt[e^11 - e^13] + 
          3635463951*Sqrt[e^13 - e^15] - 6476090697*Sqrt[e^15 - e^17] - 
          18077091489*Sqrt[e^17 - e^19] - 14500437831*Sqrt[e^19 - e^21] + 
          5765302233*Sqrt[e^21 - e^23] + 21111309633*Sqrt[e^23 - e^25] + 
          15582341513*Sqrt[e^25 - e^27] - 454329723*Sqrt[e^27 - e^29] - 
          8787449179*Sqrt[e^29 - e^31] - 6363239715*Sqrt[e^31 - e^33] - 
          1397573515*Sqrt[e^33 - e^35] + 778547184*Sqrt[e^35 - e^37] + 
          713043784*Sqrt[e^37 - e^39] + 249106224*Sqrt[e^39 - e^41] + 
          39950416*Sqrt[e^41 - e^43] - 486144*Sqrt[e^43 - e^45] - 
          1364480*Sqrt[e^45 - e^47] - 221184*Sqrt[e^47 - e^49] - 
          12288*Sqrt[e^49 - e^51])*\[CapitalKappa][e, 1]*
         (-Fr1[-1][0, e] + Fr1[1][0, e]) + 
        (3*(7381125*Sqrt[e^3 - e^5] + 131384025*Sqrt[e^5 - e^7] + 
           950065605*Sqrt[e^7 - e^9] + 3533988609*Sqrt[e^9 - e^11] + 
           6757329177*Sqrt[e^11 - e^13] - 974264031*Sqrt[e^13 - e^15] - 
           1614546027*Sqrt[e^15 - e^17] + 195687009*Sqrt[e^17 - e^19] + 
           3044483379*Sqrt[e^19 - e^21] + 2525804775*Sqrt[e^21 - e^23] - 
           1368814765*Sqrt[e^23 - e^25] - 3360329785*Sqrt[e^25 - e^27] - 
           1308231977*Sqrt[e^27 - e^29] + 1218033419*Sqrt[e^29 - e^31] + 
           1405965223*Sqrt[e^31 - e^33] + 325194923*Sqrt[e^33 - e^35] - 
           277110864*Sqrt[e^35 - e^37] - 230321864*Sqrt[e^37 - e^39] - 
           62107888*Sqrt[e^39 - e^41] + 2823088*Sqrt[e^41 - e^43] + 
           6472448*Sqrt[e^43 - e^45] + 1839616*Sqrt[e^45 - e^47] + 
           237568*Sqrt[e^47 - e^49] + 12288*Sqrt[e^49 - e^51])*
          \[CapitalKappa][e, -2]*(Fr1[-2][0, e] - Fr1[2][0, e]))/2))/
      (32*(1 - e)^(7/2)*(3 + e)^6*(3 + 2*e)^4*(5 + 29*e + 40*e^2 + 16*e^3)^
        2) - (M*((14541855804*Sqrt[e^13 - e^15] - 25904362788*
           Sqrt[e^15 - e^17] - 72308365956*Sqrt[e^17 - e^19] - 
          58001751324*Sqrt[e^19 - e^21] + 23061208932*Sqrt[e^21 - e^23] + 
          84445238532*Sqrt[e^23 - e^25] + 62329366052*Sqrt[e^25 - e^27] - 
          1817318892*Sqrt[e^27 - e^29] - 35149796716*Sqrt[e^29 - e^31] - 
          25452958860*Sqrt[e^31 - e^33] - 5590294060*Sqrt[e^33 - e^35] + 
          3114188736*Sqrt[e^35 - e^37] + 2852175136*Sqrt[e^37 - e^39] + 
          996424896*Sqrt[e^39 - e^41] + 159801664*Sqrt[e^41 - e^43] - 
          1944576*Sqrt[e^43 - e^45] - 5457920*Sqrt[e^45 - e^47] - 
          884736*Sqrt[e^47 - e^49] - 49152*Sqrt[e^49 - e^51])*
         \[CapitalKappa][e, -2] - 3*(7381125*Sqrt[e^3 - e^5] + 
          131384025*Sqrt[e^5 - e^7] + 950065605*Sqrt[e^7 - e^9] + 
          3533988609*Sqrt[e^9 - e^11] + 6757329177*Sqrt[e^11 - e^13] + 
          3873021237*Sqrt[e^13 - e^15] - 10249333623*Sqrt[e^15 - e^17] - 
          23907101643*Sqrt[e^17 - e^19] - 16289433729*Sqrt[e^19 - e^21] + 
          10212874419*Sqrt[e^21 - e^23] + 26779598079*Sqrt[e^23 - e^25] - 
          3360329785*Sqrt[e^25 - e^27] - 1308231977*Sqrt[e^27 - e^29] + 
          1218033419*Sqrt[e^29 - e^31] + 1405965223*Sqrt[e^31 - e^33] + 
          325194923*Sqrt[e^33 - e^35] - 277110864*Sqrt[e^35 - e^37] - 
          230321864*Sqrt[e^37 - e^39] - 62107888*Sqrt[e^39 - e^41] + 
          2823088*Sqrt[e^41 - e^43] + 6472448*Sqrt[e^43 - e^45] + 
          1839616*Sqrt[e^45 - e^47] + 237568*Sqrt[e^47 - e^49] + 
          12288*Sqrt[e^49 - e^51])*\[CapitalKappa][e, 2])*
       (Fr1[-2][0, e] - Fr1[2][0, e]))/(64*(1 - e)^(7/2)*(3 + e)^6*
       (3 + 2*e)^4*(5 + 29*e + 40*e^2 + 16*e^3)^2) + 
     ((15464933100*Sqrt[-((-1 + e)*e)] + 189557033085*Sqrt[-((-1 + e)*e^3)] + 
        903108160584*Sqrt[-((-1 + e)*e^5)] + 2380381811775*
         Sqrt[-((-1 + e)*e^7)] + 5215200515388*Sqrt[-((-1 + e)*e^9)] + 
        12273586756425*Sqrt[-((-1 + e)*e^11)] + 23022476942724*
         Sqrt[-((-1 + e)*e^13)] + 22699566829395*Sqrt[-((-1 + e)*e^15)] - 
        4143495551832*Sqrt[-((-1 + e)*e^17)] - 41596872773985*
         Sqrt[-((-1 + e)*e^19)] - 51603418089648*Sqrt[-((-1 + e)*e^21)] - 
        24175540222803*Sqrt[-((-1 + e)*e^23)] + 10287761579580*
         Sqrt[-((-1 + e)*e^25)] + 23234867717587*Sqrt[-((-1 + e)*e^27)] + 
        15626413833436*Sqrt[-((-1 + e)*e^29)] + 4906838913833*
         Sqrt[-((-1 + e)*e^31)] + 633042380636*Sqrt[-((-1 + e)*e^33)] + 
        80051130912*Sqrt[-((-1 + e)*e^35)] + 45432567456*
         Sqrt[-((-1 + e)*e^37)] + 8941654592*Sqrt[-((-1 + e)*e^39)] - 
        1662851840*Sqrt[-((-1 + e)*e^41)] - 1341446144*
         Sqrt[-((-1 + e)*e^43)] - 322650112*Sqrt[-((-1 + e)*e^45)] - 
        37404672*Sqrt[-((-1 + e)*e^47)] - 1769472*Sqrt[-((-1 + e)*e^49)])*M^2*
       F\[Phi]1[0][0, e])/(192*Sqrt[2/e - 2*e]*(3 + e)^(13/2)*
       (-3 + e + 2*e^2)^4*(5 + 29*e + 40*e^2 + 16*e^3)^2) + 
     (M^2*((-4*Sqrt[2]*e^15*Sqrt[3 + e - 3*e^2 - e^3]*(-26997393563 - 
           24410632650*e - 7822653294*e^2 - 1050005160*e^3 + 82168128*e^4 + 
           53708032*e^5 + 7907840*e^6 + 423936*e^7))/((1 - e)^(7/2)*(3 + e)^6*
          (5 + 29*e + 40*e^2 + 16*e^3)^2) + (18*(-1 + e)^2*Sqrt[e]*
          (51667875 + 192204495*e + 1519514478*e^2 + 6652762146*e^3 + 
           17412343605*e^4 + 53456591439*e^5 + 14855552928*e^6 - 
           22832475372*e^7 - 57665867823*e^8 - 51435355383*e^9 - 
           8219941498*e^10 + 28773142882*e^11 + 32339224483*e^12 + 
           15288232539*e^13 + 1221085452*e^14 - 2616229432*e^15 - 
           1510984592*e^16 - 315988816*e^17 + 30193088*e^18 + 33854976*e^19 + 
           8497152*e^20 + 1011712*e^21 + 49152*e^22)*
          ArcSin[Sqrt[2]*Sqrt[e/(1 + e)]])/((1 + e)^(3/2)*
          (-((-1 + e)*(3 + e)))^(11/2)*(5 + 24*e + 16*e^2)^2))*
       F\[Phi]1[0][0, e])/(192*(3 + 2*e)^4) + 
     (e*M^2*(160*Sqrt[5 + 24*e + 16*e^2]*(-359608410 + 9909248886*e + 
          52486707483*e^2 - 31046435487*e^3 - 743138265366*e^4 - 
          2816885877336*e^5 - 5075655783966*e^6 - 4714014691116*e^7 - 
          1050384999078*e^8 + 3301502381172*e^9 + 5138493331647*e^10 + 
